5000
5001
5004
5006
5010
5011
5012
5013
5014
5015
5016
5541
6000
6001
6002
6003
6004
6005
6006
6007
6008
6009
6010
6011
6012
6013
6014
6015
6016
6017
6018
6019
6020
6021
6022
6023
6024
6025
6026
6027
6028
6029
6030
6031
6032
6033
6034
6035
6036
6037
6038
6039
6040
6041
6042
6043
6044
6045
6046
6047
6048
6049
6050
6051
6052
6053
6054
6055
6056
6057
6058
6059
6060
6061
6062
6063
6064
6065
6066
6067
6068
6069
6070
6071
6072
6073
6074
6075
6076
6077
6078
6079
6080
6081
6082
6083
6084
6085
6086
6087
6088
6089
6090
6091
6092
6093
6094
6095
6096
6097
6098
6099
6100
6101
6102
6103
6104
6105
6106
6107
6108
6109
6110
6111
6112
6113
6114
6115
6116
6117
6118
6119
6120
6500
6501
6502
6503
6504
6505
6506
6507
6845
6846
6847
6848
6849
6850
6851
6852
6853
6854
6855
6856
6857
6858
6859
6860
6864
6865
6868
8084
8085
8086
8087
8088
8089
8090
8091
8092
8093
8094
8095
8096
8097
8098
8148
8161
10507
10512
11510
13564
13568
13570
16505
16506
16507
16508
16509
17000
17001
17002
17003
17004
17005
17006
17007
17008
17009
17010
17012
17013
17014
17015
17016
17017
17018
17019
17020
17021
17022
17023
17024
17025
17026
17027
17028
17029
17030
17031
17032
17034
17036
17037
17038
17039
17040
17041
17059
17060
17068
17069
17070
17091
17092
17101
17139
17140
17142
17143
17144
17145
17146
17148
17189
17195
17198
17199
17200
17206
17211
17212
17213
17217
17218
17220
17221
17222
17223
17226
17227
17228
17230
17231
17232
17233
17236
17237
17241
17248
17276
17277
17278
17279
17280
17281
17282
17283
17284
17285
17286
17287
17288
17294
17296
17328
17330
17333
17340
17341
17342
17343
17344
17345
17346
17347
17348
17349
17350
17352
17353
17364
17365
17366
17373
17501
17503
17504
17506
17509
17511
17512
17513
17514
17517
17518
17519
17522
17523
17524
17525
17527
17531
17540
17541
17542
17546
17547
17559
18000
18001
18002
18003
18004
18005
18006
18007
18008
18009
18010
18011
18012
18013
18014
18015
18016
18017
18018
18019
18020
18021
18022
18023
18024
18025
18026
18095
18096
18507
18508
18509
18510
18513
18514
18515
18516
18517
18518
18519
18520
18521
18522
18523
18524
18525
18526
18527
18528
18529
18530
18531
18532
18533
18534
18535
18536
18537
18538
18539
18540
18541
18542
18543
18544
18545
18546
18561
18562
18563
18564
18566
18567
18568
18569
19000
19002
19003
19004
19005
19008
19009
19014
19016
19018
19022
19500
19505
19506
19507
19508
19509
19510
19511
19512
19587
19588
19589
19592
20001
20002
20013
20015
20016
20017
20018
20019
20023
20024
20025
20026
20027
20028
20029
20030
20031
20032
20033
20034
20037
20039
20040
20041
20042
20043
20044
20045
20046
20048
20049
20052
20053
20054
20055
20056
20057
20058
20059
20060
20061
20062
20063
20064
20065
20066
20067
20068
20069
20070
20071
20072
20073
20074
20075
20076
20077
31640
31641
31642
31643
31644
31645
31646
31647
31648
31998
31999
41548
41549
41550
41551
41600
41601
41602
41603
41608
41609
41610
41611
41628
41629
41630
41631
41660
41661
41662
41663
41688
41689
41690
41691
41780
41781
41782
41783
41788
41789
41790
41791
48084
48085
51505
51614
51615
51620
51623
